nIndiv 6604
nObsIndiv 6604
nGen 3
nSNP 298
nMar 0
maxID 6605
aFreq 0.3938 0.4826 0.3847 0.2829 0.4759 0.4825 0.4718 0.3655 0.2304 0.4786 0.1564 0.4105 0.4124 0.2299 0.0836 0.463 0.4731 0.1651 0.3253 0.4463 0.3339 0.1011 0.4802 0.4014 0.3763 0.2833 0.3426 0.1408 0.471 0.495 0.2388 0.4034 0.2194 0.3319 0.389 0.4111 0.0963 0.4183 0.4711 0.2789 0.0139 0.4093 0.4563 0.444 0.0647 0.3564 0.4705 0.321 0.4789 0.3214 0.341 0.3375 0.3992 0.3746 0.4321 0.2781 0.2069 0.4036 0.0923 0.0702 0.3775 0.3546 0.2878 0.4293 0.0693 0.3203 0.3205 0.117 0.064 0.1062 0.3781 0.2283 0.3079 0.1832 0.3769 0.3351 0.4842 0.462 0.4137 0.4684 0.3684 0.4545 0.3186 0.4737 0.0841 0.2006 0.4299 0.3601 0.4738 0.338 0.0826 0.2413 0.1469 0.4143 0.4299 0.318 0.4841 0.4691 0.3896 0.3308 0.148 0.4582 0.192 0.4611 0.0719 0.3896 0.478 0.2558 0.4612 0.4961 0.4446 0.4989 0.1972 0.4314 0.4214 0.1369 0.4456 0.302 0.3567 0.4885 0.4717 0.3028 0.3447 0.2964 0.4073 0.3969 0.472 0.426 0.399 0.3359 0.2894 0.4081 0.4977 0.2302 0.339 0.4534 0.4839 0.1148 0.4468 0.4723 0.4887 0.4281 0.4802 0.3536 0.3573 0.1371 0.4017 0.4557 0.3951 0.4581 0.309 0.3793 0.4709 0.462 0.1604 0.4315 0.4527 0.4989 0.4407 0.494 0.4636 0.1945 0.2754 0.2347 0.386 0.2208 0.4922 0.4033 0.3906 0.3973 0.214 0.4761 0.2424 0.2763 0.4413 0.2029 0.4584 0.4474 0.374 0.2855 0.2011 0.4898 0.3954 0.4842 0.4888 0.0922 0.3763 0.1144 0.4479 0.455 0.3743 0.3198 0.2859 0.13 0.3005 0.4118 0.1113 0.4108 0.1779 0.4553 0.4147 0.1678 0.0614 0.0719 0.1839 0.4577 0.43 0.4509 0.4557 0.4926 0.0879 0.2455 0.4482 0.4204 0.4479 0.4616 0.233 0.3767 0.4182 0.3781 0.3466 0.0669 0.328 0.31 0.1651 0.4932 0.1615 0.2286 0.426 0.1 0.4844 0.221 0.4251 0.2229 0.4495 0.2 0.4046 0.3234 0.4015 0.4748 0.1566 0.1567 0.4443 0.1992 0.3547 0.3784 0.1719 0.5 0.1724 0.346 0.3428 0.123 0.227 0.2311 0.4835 0.1206 0.4036 0.379 0.4703 0.3693 0.155 0.3651 0.4772 0.4716 0.3065 0.3599 0.4316 0.4041 0.4742 0.3047 0.0904 0.4779 0.449 0.2707 0.1924 0.4449 0.1041 0.0761 0.4249 0.1193 0.4907 0.3329 0.3796 0.473 0.0968 0.4545 0.3374 0.3218 0.4351 0.349 0.1593 0.2979 0.4734 0.4958 0.4376 0.4191 0.0778 0.3192
epsilon 0.02 0.02 0.02 0.02 0.02 0.02 0.02 0.02 0.02 0.02 0.02 0.02 0.02 0.02 0.02 0.02 0.02 0.02 0.02 0.02 0.02 0.02 0.02 0.02 0.02 0.02 0.02 0.02 0.02 0.02 0.02 0.02 0.02 0.02 0.02 0.02 0.02 0.02 0.02 0.02 0.02 0.02 0.02 0.02 0.02 0.02 0.02 0.02 0.02 0.02 0.02 0.02 0.02 0.02 0.02 0.02 0.02 0.02 0.02 0.02 0.02 0.02 0.02 0.02 0.02 0.02 0.02 0.02 0.02 0.02 0.02 0.02 0.02 0.02 0.02 0.02 0.02 0.02 0.02 0.02 0.02 0.02 0.02 0.02 0.02 0.02 0.02 0.02 0.02 0.02 0.02 0.02 0.02 0.02 0.02 0.02 0.02 0.02 0.02 0.02 0.02 0.02 0.02 0.02 0.02 0.02 0.02 0.02 0.02 0.02 0.02 0.02 0.02 0.02 0.02 0.02 0.02 0.02 0.02 0.02 0.02 0.02 0.02 0.02 0.02 0.02 0.02 0.02 0.02 0.02 0.02 0.02 0.02 0.02 0.02 0.02 0.02 0.02 0.02 0.02 0.02 0.02 0.02 0.02 0.02 0.02 0.02 0.02 0.02 0.02 0.02 0.02 0.02 0.02 0.02 0.02 0.02 0.02 0.02 0.02 0.02 0.02 0.02 0.02 0.02 0.02 0.02 0.02 0.02 0.02 0.02 0.02 0.02 0.02 0.02 0.02 0.02 0.02 0.02 0.02 0.02 0.02 0.02 0.02 0.02 0.02 0.02 0.02 0.02 0.02 0.02 0.02 0.02 0.02 0.02 0.02 0.02 0.02 0.02 0.02 0.02 0.02 0.02 0.02 0.02 0.02 0.02 0.02 0.02 0.02 0.02 0.02 0.02 0.02 0.02 0.02 0.02 0.02 0.02 0.02 0.02 0.02 0.02 0.02 0.02 0.02 0.02 0.02 0.02 0.02 0.02 0.02 0.02 0.02 0.02 0.02 0.02 0.02 0.02 0.02 0.02 0.02 0.02 0.02 0.02 0.02 0.02 0.02 0.02 0.02 0.02 0.02 0.02 0.02 0.02 0.02 0.02 0.02 0.02 0.02 0.02 0.02 0.02 0.02 0.02 0.02 0.02 0.02 0.02 0.02 0.02 0.02 0.02 0.02 0.02 0.02 0.02 0.02 0.02 0.02 0.02 0.02 0.02 0.02 0.02 0.02 0.02 0.02 0.02 0.02 0.02 0.02 0.02 0.02 0.02 0.02 0.02 0.02
obsFrac 0.8 0.8 0.8
minAge 1
maxAge 1
recentYr 2
maxUnobsLayer 1
